.Random.seed <-
c(403L, 10L, -1266876152L, 1125293835L, -552883735L, 1787784888L, 
747239782L, -1017071103L, 1891415187L, 987402050L, -2116452108L, 
-1526727433L, -1730710291L, -1674115196L, 1616116138L, 1559502613L, 
-445530705L, -1488747082L, 940563424L, 244757283L, 855651393L, 
-235935952L, -1461877426L, -1678047303L, -1514749493L, 523068026L, 
471558012L, 420308927L, 1019310229L, 1835728556L, -858305406L, 
-656098211L, 636609367L, 160718398L, -1531342216L, -237764261L, 
750407865L, -1392312056L, 1436865462L, 2103382257L, 1191192355L, 
1360372082L, -1976536124L, -2051145849L, 765379933L, 203307860L, 
766968186L, -97612603L, -1721520609L, 1998432678L, -1414829264L, 
-1747441197L, 663801841L, -1737008864L, -706164802L, -1048639543L, 
230688635L, -981476022L, -85132884L, -1763920721L, 2092420709L, 
1720145436L, 1751877746L, -1168298259L, 735507239L, -1475498162L, 
938592168L, 1413591979L, -787435319L, 1317976280L, 343033222L, 
-850215839L, -50795021L, -313824158L, 2073275092L, -661898281L, 
-1657499187L, 74442084L, -1624354486L, 824490165L, 736333839L, 
-458979050L, -485067840L, 1605312387L, 1493552545L, 1397141904L, 
-1753163154L, -1814914023L, 222240939L, -31939430L, -267783076L, 
-465989281L, -1228811467L, -1828964660L, 1652999202L, -1473096067L, 
-295384201L, -371145570L, -1277975720L, -1472035141L, 1914005593L, 
1585961960L, -1750204906L, -1663221359L, -1673924029L, 1498444114L, 
-2003089948L, -247657433L, -415836035L, 603653492L, 189065562L, 
1902182309L, 938565567L, -1489292218L, -1143868720L, 1893965043L, 
-1718650351L, 1705466944L, -2129604578L, 485019369L, -2087064549L, 
-992435158L, 1856141132L, 1517341967L, -2096975803L, 1724520956L, 
1324054610L, 80593357L, -1444355193L, -24476050L, -1310783928L, 
1677697099L, -2040747607L, 1996260600L, -1535201242L, -1059831487L, 
1856192211L, -1722931582L, 1306504372L, -1783147465L, -1828890835L, 
-394963900L, -897574550L, 668956117L, 1382486895L, 1312557686L, 
931327392L, -1431807389L, 1098238721L, 136864368L, -313729522L, 
80590457L, 721191435L, 895744826L, -668179908L, -1927667329L, 
1257499349L, 435251948L, 1437391938L, -1978551395L, -438941161L, 
-1386475650L, 423730488L, 926636571L, -15268999L, -1466862136L, 
-990516746L, 716102705L, -1942643101L, 136880690L, 2117595012L, 
-1792361017L, -89418595L, 328946708L, -414403910L, 1348850437L, 
947071199L, 1981600102L, 1024709872L, 1398513683L, 380159409L, 
-1951580064L, -1339486722L, 1402018185L, -704401733L, 47098506L, 
807032172L, 1180955375L, 2100473125L, -1045021732L, 1852266930L, 
1385568429L, -1576417177L, -1813045362L, 103745640L, 890016875L, 
-345735671L, 1065369752L, -1584780346L, -1992777951L, 1776855987L, 
-864582878L, -591145708L, 357619095L, -1434047091L, -448484188L, 
-1606791542L, -1950432011L, -2059437233L, 417154134L, -2114156800L, 
1033306691L, -51815967L, -1741980336L, -888179794L, 1304113497L, 
-2109493397L, 373595866L, 765636508L, 1730286495L, 93321717L, 
-1756595060L, 1896252770L, 656202045L, 1088844215L, -27904418L, 
1940643736L, -357912837L, 948913817L, -168679796L, -1238206624L, 
-1634788638L, -723373912L, 68795596L, 1322476028L, 2031402930L, 
-1399805456L, -239467068L, 1867668312L, -1090285702L, 1960089008L, 
749704636L, -1505164204L, -1732360254L, 939206432L, 1027226556L, 
-545565104L, 699132386L, 1533252968L, -379212468L, 544314620L, 
-1003939086L, -1602706688L, 1965395572L, -1573137400L, 704444858L, 
-552635440L, -588749332L, 1626394516L, 1492598482L, -975648160L, 
-984294068L, 798925088L, 1474199170L, 1741075944L, 1560802284L, 
-1211573700L, 1325012594L, -1422488720L, -1315589852L, 1832329784L, 
532756890L, -1502868016L, 368885180L, 153355412L, -531191678L, 
-377725504L, -1490444484L, 295604368L, 906488610L, 650500616L, 
-1386321652L, 1202543004L, 1127778834L, 903348096L, -1241945324L, 
1889915176L, 400693306L, -630088752L, 1046228588L, 659034676L, 
2082277010L, 780660064L, 1658161484L, -642661408L, -56692318L, 
-501098072L, 1523193484L, 1820724668L, -1983610254L, 382471152L, 
704148036L, 1399795800L, -2018769862L, -56363920L, -145345476L, 
-1020644076L, 696171202L, 1081644768L, -599217028L, -1229579568L, 
1089915298L, -392209368L, -1219668212L, 1223695804L, 486045490L, 
1421672128L, -470818764L, 1335803592L, -1748997958L, 193786512L, 
275103468L, 956901972L, -1849758062L, 1802079520L, -369916468L, 
1157783264L, 31163586L, -321045464L, -506059860L, 1291390652L, 
-1111279630L, -137131472L, -1850047580L, 896056760L, -1694752934L, 
-195641200L, 1575653244L, -2104101612L, 1038432578L, 1019073792L, 
-1402711620L, -255363760L, -620494558L, -427175352L, -1581771764L, 
-1194618276L, -536750638L, 676228608L, 1505630548L, -2113200920L, 
-443578118L, -59405616L, 612753196L, -1654721292L, -1042969198L, 
1650393440L, -736899060L, -1193666336L, -911309214L, -1361272664L, 
-1243123636L, 2123532156L, 1113722162L, 1518300784L, 1743529796L, 
2045631448L, -1916811398L, 1216668720L, -1734760516L, -218928556L, 
398567490L, -301558112L, 854708924L, 87629776L, 22626658L, -533460248L, 
-642216756L, -1084679684L, 688632306L, -1023801216L, -167182860L, 
2066451080L, 1488430906L, -428912304L, 1118433388L, 227128724L, 
-1344830382L, 1566839264L, 978829516L, -1215214944L, -690812542L, 
1075793128L, -1018686740L, -1604712132L, -198302606L, -1047015824L, 
674940452L, 1902475320L, -757045990L, -1693933360L, -659890884L, 
-941981804L, 1225985922L, -1136107584L, 1401972284L, -402286192L, 
990573602L, 1784469768L, -2139802484L, -1464900836L, -1368135534L, 
-1335404160L, 342948884L, -1575514328L, 490755642L, 1431052752L, 
112480620L, -1160644684L, -2042982894L, 1426060256L, 885503436L, 
-1079962400L, -1535901662L, -2109683928L, -148986356L, 1036182332L, 
1165947890L, 979356400L, -1076278716L, -1713322408L, -2102081734L, 
220472304L, -75876676L, 1111979284L, -898379582L, -1854047136L, 
-282166916L, -1866356784L, -145675998L, 1879899816L, -1333589108L, 
-586912580L, -825434318L, -928624064L, 385361076L, -711928760L, 
921352634L, 1122192912L, 386054380L, -670570156L, 2067506962L, 
745457056L, 528755404L, 882026080L, 187486146L, 498272908L, -402976998L, 
912916879L, -1403044135L, -897564306L, 51678460L, -1120024979L, 
-120335849L, 1267288032L, 1510048702L, 688218507L, 330093069L, 
-887869894L, -1107024264L, 1125805601L, 1992319187L, -484409356L, 
-901097342L, -1267150569L, 1250109409L, 1558573350L, 1779552292L, 
709866197L, -1289765249L, -809750760L, -922804682L, -1192406845L, 
-1023275771L, 552907938L, 992529040L, -2000767431L, -191764757L, 
121296860L, 211163658L, -1266692865L, 920480073L, -1104438562L, 
-1085683572L, -1207156643L, -1392562585L, 1987010448L, 410760110L, 
-1518159269L, -1585252803L, -169621334L, 1006246216L, 1482689905L, 
-208999709L, 1747010020L, 7040274L, -1303199513L, 2033571505L, 
617499894L, 424316692L, -2044491739L, 454257967L, 763003624L, 
1508212678L, -1904835981L, -809524011L, -1993070926L, 595918464L, 
-1983445399L, 1766492891L, -291064276L, -800090566L, 1702269167L, 
-1843455111L, -684378098L, 1463033308L, 2013777485L, 316501431L, 
-1164491968L, 1262064158L, 457651435L, -132170643L, 120339674L, 
-1084504936L, -763854079L, 198060211L, 571704276L, -1439605022L, 
-1559994505L, -53075263L, 393253446L, 883776900L, -1764261067L, 
225796383L, 966068344L, 641553750L, 403729379L, 195093925L, -1092859838L, 
1727235632L, 173506137L, 2006300619L, 253700156L, 424941162L, 
-2088620897L, -1167262423L, 217778622L, 1228925100L, 1154387453L, 
-2018167481L, 835022384L, 83277646L, 1323821947L, -1011127075L, 
-1010967286L, -1436456920L, -1309377391L, 1358596227L, 1191471492L, 
-984115278L, 1633786119L, -185541807L, 30091990L, -454618188L, 
1831709637L, 1720462095L, -191579768L, -938369882L, 210603091L, 
-1002009163L, -1573952750L, -2129415968L, 1119204681L, 520005499L, 
1709638220L, -43611174L, 773054927L, -438536295L, 488968110L, 
1169757372L, -1219711699L, 7003863L, -753309920L, 1403195518L, 
